Result From Sequantial Scan Based Method
3 100.39 53.77
11862 106.39 50.11
31034 100.81 50.38
142350 100.01 54.22
159135 111.41 50.09
201884 100.8 50.96
233553 100.66 51.36
266111 155.41 50.0
285868 100.0 108.94
execution time: 0.5684709548950195

Result From Branch And Bound Algorithm
31034 100.81 50.38
201884 100.8 50.96
233553 100.66 51.36
142350 100.01 54.22
3 100.39 53.77
11862 106.39 50.11
159135 111.41 50.09
285868 100.0 108.94
266111 155.41 50.0
execution time: 0.0001773834228515625

Result From BBS With Divide and Conquer
285868 100.0 108.94
142350 100.01 54.22
3 100.39 53.77
233553 100.66 51.36
201884 100.8 50.96
31034 100.81 50.38
11862 106.39 50.11
159135 111.41 50.09
266111 155.41 50.0
execution time: 0.06466913223266602

